王伟 101 228 215 162 148 185 275 298 285 192 178 225 238
李娜 102 198 210 155 142 175 258 278 265 170 160 218 230
张强 103 245 238 178 168 208 325 348 335 215 205 268 285
刘芳 104 218 205 150 138 180 295 315 305 185 172 235 245
陈杰 105 268 255 192 178 215 335 358 342 228 215 275 292
杨敏 106 205 195 165 152 190 265 280 272 195 185 222 235
赵刚 107 235 225 172 158 205 315 332 325 208 198 265 278
周婷 108 192 185 142 135 168 245 258 250 162 155 208 218
徐磊 109 255 242 188 175 220 345 365 355 235 225 295 308
孙莉 110 212 205 158 145 182 278 292 285 180 172 228 240
何军 111 275 265 205 192 232 355 378 365 245 235 315 328
黄芳 112 225 218 170 162 195 305 318 312 205 192 255 265
马强 113 242 235 178 165 212 328 342 335 220 212 275 288
郭娜 114 202 195 148 140 172 255 268 260 175 168 215 225
罗斌 115 285 272 215 198 242 365 385 375 258 245 325 338
唐欣 116 232 225 175 162 205 315 325 318 212 202 258 272
高磊 117 208 198 155 145 180 268 282 275 178 172 222 235
林娜 118 252 240 185 172 218 335 350 342 225 215 282 295
蔡伟 119 222 215 165 155 192 308 318 312 198 188 245 258
邓杰 120 235 228 180 168 215 322 335 328 218 208 270 285
吴明   201 225 210 160 145 190 285 305 295 195 180 230 245
郑晓琳   202 205 195 152 138 175 265 280 270 185 170 218 232
冯涛   203 255 240 185 170 215 335 355 345 225 210 280 298
程雪   204 215 202 155 142 182 275 292 285 190 178 225 238
谢俊杰   205 275 260 205 190 235 355 375 365 240 225 305 325
丁小慧   206 198 185 148 135 168 255 268 258 172 162 205 220
方磊   207 238 225 175 162 208 315 330 320 215 205 265 278
崔雅婷   208 208 198 142 130 165 245 258 248 168 155 210 225
彭志勇   209 265 250 195 180 225 345 360 350 230 215 295 312
袁丽华 210 218 205 158 145 188 278 290 282 185 175 228 242
卢浩 211 285 270 215 200 245 365 385 375 255 240 315 335
潘雨欣 212 228 215 165 152 195 305 318 310 200 190 255 268
钟建国 213 245 232 178 165 212 325 340 332 218 208 275 288
叶婉如 214 195 185 140 128 172 250 265 255 170 160 205 218
宋振宇 215 275 262 208 192 232 355 370 362 240 228 305 320
董晓娟 216 212 200 155 142 185 270 285 275 180 172 225 235
杜志强 217 235 222 172 158 205 315 328 318 210 198 265 278
付美玲 218 202 190 145 132 175 260 275 265 175 168 215 228
韩磊 219 258 245 190 175 220 335 350 342 225 215 290 305
白晓燕 220 222 210 162 150 192 295 308 300 195 185 235 248
苏晨 301 232 218 168 155 195 295 315 302 205 192 245 258
顾婉清 302 208 195 145 135 178 265 278 268 175 165 215 228
贺子轩 303 255 242 188 172 222 345 365 352 235 225 295 312
陆雨菲 304 218 205 158 142 190 280 295 285 192 180 232 245
秦昊 305 278 265 202 188 230 355 375 362 245 235 315 328
沈梦瑶 306 195 185 140 128 175 255 268 255 170 160 208 218
林浩然 307 240 228 175 162 212 320 335 325 210 200 265 278
唐静怡 308 202 190 138 125 168 248 260 252 162 155 198 210
周子涵 309 265 250 195 180 225 340 355 345 228 218 290 305
罗俊杰 310 225 215 162 150 198 285 298 288 195 185 235 248
许文博 311 285 272 215 198 240 365 385 375 255 242 325 342
夏雨晴 312 235 222 172 158 205 310 325 315 208 198 258 272
程宇轩 313 248 235 180 168 218 330 345 335 225 215 280 295
袁雪梅 314 212 198 148 135 182 270 282 275 178 170 222 235
傅明哲 315 295 280 225 208 245 375 395 385 262 250 335 355
丁晓彤 316 205 195 155 140 175 258 270 262 168 160 212 225
姜宇航 317 228 215 165 152 192 290 305 295 202 195 240 255
石佳琪 318 215 205 158 145 188 275 288 278 185 175 228 240
邱文彬 319 262 250 198 182 228 350 365 355 235 225 305 320
尹若琳 320 222 210 160 148 195 300 315 305 200 190 245 258
吕伟 401 235 225 165 152 192 295 315 305 202 190 242 248
范娜 402 210 198 148 135 178 265 278 268 175 168 218 228
郝强 403 248 235 182 168 215 335 355 345 225 215 282 298
段雪 404 218 205 155 142 185 285 298 288 195 182 235 245
季杰 405 268 255 198 185 225 350 370 360 238 225 305 325
武敏 406 202 190 142 130 172 258 270 262 168 158 208 218
汤刚 407 228 215 168 155 198 310 325 318 208 195 255 268
谷婷 408 195 182 135 125 162 245 255 248 158 150 198 210
梅磊 409 255 240 190 175 220 345 360 352 230 218 295 312
盛莉 410 225 212 160 148 192 278 290 282 185 175 228 240
管军 411 275 262 208 195 235 360 380 372 250 238 320 338
安芳 412 232 220 172 158 205 305 318 308 210 200 260 272
常强 413 245 230 178 165 212 328 340 332 218 208 275 288
牛娜 414 198 185 140 128 170 255 265 258 172 165 212 222
柯斌 415 282 270 215 200 238 365 385 375 255 245 330 348
蓝欣 416 215 202 155 142 185 268 280 272 180 172 225 235
景磊 417 240 228 175 162 208 315 330 322 212 202 265 278
薄伟 418 205 195 148 135 175 260 275 265 178 168 218 228
简杰 419 258 245 192 178 222 340 355 345 228 215 295 308
房燕 420 228 215 162 150 195 290 305 295 200 190 240 255
慕容雪 501 238 225 168 155 198 308 325 318 208 195 248 262
司徒浩 502 215 202 148 135 182 275 288 278 178 168 222 235
尉迟琳 503 255 242 185 172 218 342 360 352 228 215 292 308
端木磊 504 222 210 158 145 192 285 300 292 195 182 238 252
公孙子轩 505 272 258 202 188 228 355 375 365 245 235 315 332
澹台敏 506 205 195 142 130 175 260 272 265 172 162 212 225
皇甫涛 507 242 228 175 162 208 318 335 328 212 200 258 272
闾丘慧 508 198 185 135 125 168 248 260 255 165 155 202 215
长孙杰 509 262 250 192 178 222 348 365 358 232 220 298 315
宇文芳 510 228 215 162 150 195 278 292 285 190 180 232 245
呼延彬 511 282 270 215 200 238 368 385 375 255 242 325 345
令狐娜 512 235 222 172 158 205 305 318 308 208 198 255 268
钟离刚 513 248 235 180 168 212 328 340 332 218 208 272 288
拓跋婷 514 212 198 145 132 178 265 278 270 175 168 218 228
申屠宇 515 295 280 222 208 242 375 395 385 262 250 338 355
东郭慧 516 225 212 155 142 188 272 285 278 185 175 228 242
司空磊 517 255 240 190 175 218 335 350 342 225 215 285 302
羊舌欣 518 218 205 158 145 192 280 295 288 192 182 235 248
仲孙杰 519 275 262 205 192 232 358 375 368 242 230 312 328
乐正燕 520 232 220 165 152 202 295 310 302 205 195 245 258
