2024001	wsy     88.5	92.3	85.7
2024002	lyt	    76.8	84.1	79.4
2024003	zhr	    95	    89.6	91.2
2024004	cxy	    82.4	78      86.3
2024005	zzx	    69.7	93.5	88
2024006	zyx	    91.3	85.4	90.1
2024007	xzy	    78.2	80.7    83.6
2024008	srx     87.8	94.2	76.5
2024009	wht	    73.5	68.9	82.7
2024010	zsh 	84.6	79.8	87.4
2024011	fbt 	92.1	86.7	89
2024012	zym     80.3	91      84.5
2024013	qyh 	76	    82.6	78.3
2024014	xyw 	89.4	73.8	93.7
2024015	hjj 	66.5	88.2	81.6
2024016	lxy 	94.7	95.3    97      
2024017	swh 	83	    76.4	79.8
2024018	sjy 	79.6	84.9    92.4    
2024019	hmx 	88.8	90.5	85.2
2024020	ycx 	81.7	87.3	94.6